1223577
1395982
4054535
8252825
5055443
5027486
4932948
3855956
4691152
4711604
4927868
4857944
3280190
10404677
4764866
6771143
4889742
11855622
5439326
5168997
5279867
5154484
8231253
7618795
5498290
8766329
14656871
7527919
6911180
10557680
7266574
11795743
9132762
9854723
11031832
12198506
8447630
7896698
11747887
10338774
9687195
10358707
8691306
7837426
7726274
10997666
8802783
14026961
7793238
17151407
7720841
10956259
12070269
7622542
14021277
12364653
7913094
9171807
19717442
8394297
7778823
8877744
9832575
7543408
8460019
11367948
8312023
7967442
9180617
9978994
12041999
7616880
7787577
16223849
7704439
9879616
8102514
7757172
9017627
8345391
8713972
9105753
13237619
7787465
13584236
10256198
8520548
7667636
8507474
7730215
7839138
8551535
8568151
8080697
9145578
12868975
8179310
8869247
7657318
7803818
